4294967279,102
4294967279,101
4294967279,100
4294967279,99
4294967279,98
4294967279,97
4294967279,96
4294967279,95
4294967278,339
4294967279,529
4294967278,338
4294967279,528
4294967278,337
4294967279,115
4294967279,114
4294967279,113
4294967279,112
4294967279,111
4294967279,110
4294967279,109
4294967279,108
4294967279,107
4294967279,106
4294967279,105
4294967279,104
4294967279,103
4294967279,527
4294967278,255
4294967279,526
4294967278,336
4294967278,28
4294967278,27
4294967278,26
4294967278,25
4294967278,24
4294967278,23
4294967278,22
4294967278,21
4294967278,20
4294967278,19
4294967278,18
4294967278,17
4294967278,16
4294967278,15
4294967278,14
4294967278,13
4294967278,12
4294967278,11
4294967278,10
4294967278,9
4294967278,8
4294967278,7
4294967278,6
4294967278,5
4294967278,4
4294967279,132
4294967279,131
4294967279,130
4294967279,129
4294967279,128
4294967279,127
4294967279,126
4294967279,123
4294967279,121
4294967279,120
4294967279,119
4294967279,118
4294967279,117
4294967279,116
4294967279,525
4294967279,125
4294967278,254
4294967279,524
4294967279,124
4294967278,335
4294967279,250
4294967278,253
4294967279,523
4294967279,122
4294967278,251
4294967294,942
4294967294,941
4294967294,939
4294967294,938
4294967294,933
4294967294,922
4294967294,436
4294967294,830
4294967294,829
4294967294,828
4294967294,827
4294967294,60
4294967278,248
4294967278,246
4294967278,244
26,4
4294967278,242
26,3
26,2
26,1
4294967278,241
4294967294,437
4294967294,394
4294967278,240
4294967278,236
4294967279,522
4294967278,334
4294967278,333
25,6
4294967278,234
4294967278,235
4294967278,232
25,5
4294967278,228
25,4
4294967278,226
25,3
25,2
25,1
4294967278,225
4294967278,224
4294967278,218
4294967278,221
4294967278,219
24,5
4294967278,216
4294967278,214
24,4
4294967279,521
24,3
24,2
24,1
4294967279,520
4294967278,213
4294967278,332
4294967279,519
4294967278,211
4294967278,210
4294967278,331
4294967279,518
4294967279,517
4294967278,209
23,5
4294967278,207
23,4
4294967278,206
23,3
23,2
23,1
4294967278,330
4294967278,205
4294967278,202
4294967279,516
4294967278,329
4294967278,328
22,5
4294967278,201
4294967278,200
22,4
22,3
22,2
22,1
4294967279,515
4294967278,199
4294967278,196
21,4
4294967278,195
21,3
21,2
21,1
4294967278,327
4294967278,194
4294967279,514
4294967294,409
4294967294,396
4294967294,395
4294967294,385
4294967294,179
4294967294,178
4294967294,406
4294967294,919
4294967294,111
4294967294,109
4294967278,326
4294967279,513
4294967278,325
4294967279,512
4294967278,324
4294967279,319
4294967278,323
4294967279,318
4294967278,322
4294967279,317
4294967278,321
4294967278,187
4294967278,320
4294967294,50
4294967294,180
4294967294,189
4294967294,384
4294967294,190
4294967294,30
4294967294,164
4294967294,163
4294967294,36
4294967294,39
4294967294,388
4294967294,165
4294967294,113
4294967294,162
4294967294,104
4294967294,177
4294967278,185
4294967278,184
4294967294,18
4294967294,14
4294967294,126
4294967278,40
4294967278,39
4294967278,38
4294967278,37
4294967278,294
4294967278,36
4294967278,35
4294967278,34
4294967278,33
4294967278,32
4294967278,31
4294967278,30
4294967278,29
4294967279,36
4294967279,32
4294967279,298
4294967279,31
4294967279,287
4294967279,28
4294967279,27
4294967279,137
4294967279,24
4294967279,23
4294967279,22
4294967279,21
4294967279,20
4294967279,16
4294967279,15
4294967279,14
4294967279,13
4294967279,10
4294967279,316
4294967278,319
4294967294,89
4294967294,898
4294967294,962
4294967294,185
4294967294,917
4294967278,181
4294967278,180
20,4
20,3
20,2
20,1
4294967279,315
4294967278,179
4294967278,178
4294967278,177
4294967278,318
4294967279,314
4294967279,313
4294967278,176
19,6
4294967278,172
4294967279,312
4294967278,317
4294967278,316
19,5
4294967278,171
4294967278,170
19,4
19,3
19,2
19,1
4294967279,311
4294967278,169
4294967278,168
4294967278,167
4294967278,315
4294967279,310
4294967279,309
4294967278,166
18,5
4294967278,164
18,4
4294967278,163
18,3
18,2
18,1
4294967278,314
4294967278,162
4294967279,308
4294967278,308
4294967278,158
4294967278,307
4294967278,306
17,5
4294967278,157
4294967278,156
17,4
17,3
17,2
17,1
